list(beta=c(0.00000E+00, 0.00000E+00, 0.00000E+00), m1=0.00000E+00, m2=0.00000E+00, tau_a=1.00000E+01, tau_u=1.00000E+01, b=5.00000E-01)
