list(beta=c(0.00000E+00, 0.00000E+00, 0.00000E+00), nu1=c(0.00000E+00, 0.00000E+00, 0.00000E+00, 0.00000E+00), nu2=c(0.00000E+00, 0.00000E+00, 0.00000E+00, 0.00000E+00), tau_a=1.00000E+01, tau_u=1.00000E+01, tau_nu1=1.00000E+01, tau_nu2=1.00000E+01, b=5.00000E-01)
